m1 = [2.5;2.4];
m2 = [0.5;0.7];
m3 = [2.2;2.9];
m4 = [1.9;2.2];
m5 = [3.1;3.0];
m6 = [2.3;2.7];
m7 = [2;1.6];
m8 = [1;1.1];
m9 = [1.5;1.6];
m10 = [1.1;0.9];
X = [m1,m2,m3,m4,m5,m6,m7,m8,m9,m10];
mean = [1.81;1.91];
MEAN = mean * ones(1,10);
X = X - MEAN;
A = X*X';